35
11
42
11
73
22
61
15
53
75
17
25
46
39
18
11
54
75
11
28
13
11
64
11
76
55
11
58
11
19
48
11
27
41
119
43
26
17
37
42
65
74
11
15
17
161
19
11
158
46
27
13
11
38
11
56
11
57
25
11
31
13
45
54
94
25
11
203
71
50
47
36
11
11
75
81
43
37
82
27
77
11
11
82
25
23
43
52
54
81
25
11
37
11
54
105
31
11
11
81
39
11
11
15
117
62
32
46
15
11
19
33
11
39
66
11
26
19
11
11
44
11
11
11
19
22
19
11
19
37
11
17
65
62
11
49
59
27
75
11
41
11
46
13
68
63
17
55
51
23
11
11
11
55
37
25
43
11
21
52
43
29
48
64
11
98
19
31
12
23
86
11
36
54
11
37
55
39
45
33
38
79
31
17
35
67
63
32
19
81
11
76
15
55
116
81
62
15
11
11
46
21
119
78
93
11
49
43
15
11
29
53
11
64
46
11
11
17
33
47
11
11
51
11
38
40
19
11
63
45
30
40
25
17
32
11
35
35
17
43
56
32
105
11
17
58
11
28
11
50
11
15
11
11
11
15
36
13
30
43
65
79
19
11
82
19
54
38
158
42
56
40
57
23
93
106
32
26
55
11
104
15
68
33
54
34
32
11
39
32
49
106
17
61
11
15
61
264
51
38
14
48
31
56
27
11
11
11
86
11
29
49
112
100
20
46
13
68
11
26
54
83
73
60
25
73
11
30
85
40
94
79
82
11
60
51
11
37
31
11
15
56
81
49
45
11
11
49
11
15
105
15
11
15
19
11
50
85
11
55
50
79
91
19
15
35
15
69
39
74
13
11
54
88
25
11
11
47
51
65
51
11
96
36
47
17
11
68
43
11
11
39
11
11
11
33
108
28
31
11
90
69
11
87
21
42
43
69
75
111
49
17
11
86
28
11
11
11
57
13
30
15
56
17
19
52
65
27
11
42
14
64
15
11
36
11
70
61
11
72
32
51
11
64
103
52
11
42
25
11
50
11
17
11
158
87
29
85
11
34
73
17
33
52
167
25
33
54
